8.410000
23.020000
23.510000
12.420000
13.430000
34.080000
15.950000
7.590000
24.140000
24.220000
23.300000
8.510000
23.110000
42.820000
12.560000
12.340000
20.510000
20.300000
16.820000
17.030000
16.260000
4.710000
32.550000
7.800000
7.290000
10.120000
25.060000
6.890000
6.320000
6.540000
10.510000
29.830000
29.550000
6.190000
6.180000
7.840000
4.830000
9.120000
7.410000
13.530000
17.750000
19.660000
22.650000
21.580000
9.370000
49.540000
11.350000
9.150000
8.710000
15.370000
27.590000
58.960000
57.470000
28.640000
8.430000
19.570000
17.020000
21.480000
20.910000
20.030000
18.320000
19.630000
5.120000
35.540000
36.220000
52.310000
16.130000
17.010000
36.630000
19.920000
29.960000
39.800000
40.790000
39.750000
13.510000
13.930000
34.280000
30.930000
35.460000
26.750000
18.020000
19.090000
12.710000
2.710000
26.470000
26.280000
15.130000
7.540000
10.980000
14.830000
17.600000
23.510000
29.950000
16.670000
10.610000
14.810000
14.980000
15.270000
4.330000
11.820000
7.360000
34.560000
12.080000
7.490000
7.500000
47.980000
47.830000
15.030000
15.680000
38.940000
21.550000
7.630000
8.920000
17.060000
8.920000
6.620000
10.710000
28.360000
29.100000
29.110000
40.360000
40.190000
29.230000
11.220000
25.020000
29.280000
40.940000
15.920000
9.870000
13.540000
14.940000
17.640000
18.710000
12.690000
12.540000
14.860000
8.710000
6.440000
38.910000
7.400000
9.030000
16.740000
19.650000
18.640000
30.090000
51.970000
50.540000
15.850000
18.980000
18.350000
32.500000
15.430000
28.440000
27.900000
29.220000
30.290000
32.130000
31.790000
7.450000
8.670000
12.750000
27.940000
9.310000
11.240000
11.420000
10.190000
10.690000
18.750000
10.060000
11.720000
13.140000
14.000000
17.280000
6.590000
6.560000
7.420000
13.570000
16.480000
10.650000
10.510000
13.050000
22.430000
22.820000
8.980000
7.950000
9.730000
10.410000
9.420000
5.320000
5.360000
3.730000
28.150000
14.480000
17.490000
7.240000
48.530000
47.060000
7.870000
7.130000
15.110000
30.660000
10.400000
10.900000
9.970000
9.020000
13.330000
12.900000
12.050000
7.710000
8.130000
10.750000
19.770000
20.040000
19.330000
15.480000
16.220000
16.550000
16.930000
17.400000
18.600000
12.000000
17.360000
7.410000
7.260000
9.840000
9.530000
8.310000
18.870000
19.700000
38.630000
22.860000
6.120000
6.120000
17.480000
26.510000
26.720000
23.930000
11.640000
16.310000
16.010000
27.740000
11.580000
14.590000
14.030000
25.960000
7.200000
44.910000
43.570000
12.640000
22.570000
28.500000
18.550000
33.320000
44.920000
13.990000
17.310000
17.980000
8.570000
22.140000
11.790000
20.190000
2.050000
2.530000
3.010000
3.180000
3.590000
6.560000
6.850000
6.980000
7.070000
55.770000
6.520000
9.160000
37.860000
25.930000
25.690000
8.490000
3.830000
19.790000
8.770000
18.970000
19.090000
18.310000
9.800000
55.560000
26.660000
31.230000
42.850000
19.090000
8.850000
7.840000
10.880000
10.300000
9.980000
8.730000
18.490000
22.390000
20.800000
32.290000
15.070000
14.720000
26.480000
9.000000
30.120000
23.520000
30.020000
13.800000
14.360000
13.180000
9.730000
10.420000
10.080000
10.600000
11.160000
12.180000
36.040000
7.760000
7.930000
7.620000
18.920000
26.070000
15.320000
28.080000
22.650000
6.350000
5.530000
5.920000
3.850000
16.130000
7.620000
9.130000
10.670000
11.680000
10.300000
14.640000
3.210000
5.980000
14.550000
8.530000
12.210000
13.560000
16.560000
17.270000
9.370000
35.090000
7.710000
17.320000
21.390000
22.020000
26.420000
38.090000
6.890000
11.020000
11.090000
20.880000
11.600000
19.360000
19.730000
17.280000
19.140000
25.310000
18.810000
6.700000
21.870000
27.960000
25.180000
36.720000
39.080000
8.810000
9.450000
10.950000
8.470000
24.180000
23.910000
11.510000
11.280000
18.960000
18.740000
16.660000
5.440000
13.010000
17.650000
8.660000
7.600000
7.510000
18.840000
51.200000
15.570000
3.330000
5.280000
10.050000
9.580000
16.550000
24.560000
16.250000
20.420000
17.090000
18.730000
10.200000
14.800000
20.870000
8.420000
22.130000
22.050000
8.810000
18.780000
17.360000
6.090000
4.210000
14.910000
6.130000
12.340000
7.810000
7.730000
23.190000
7.650000
8.720000
22.680000
33.190000
38.800000
30.000000
21.610000
28.650000
12.910000
13.470000
12.230000
8.770000
9.180000
9.010000
9.500000
9.930000
11.140000
27.240000
11.020000
14.730000
27.030000
30.340000
30.160000
30.040000
28.700000
6.520000
37.220000
37.960000
53.800000
9.340000
7.940000
18.800000
28.450000
28.340000
8.280000
25.720000
12.030000
24.500000
48.990000
23.630000
37.770000
8.160000
10.830000
10.440000
12.720000
6.020000
13.710000
9.130000
21.380000
8.540000
58.350000
7.100000
11.160000
13.740000
12.080000
15.590000
16.940000
21.190000
25.830000
8.470000
31.270000
29.740000
22.400000
17.340000
25.320000
25.340000
9.200000
9.860000
8.810000
7.160000
29.950000
11.050000
27.320000
21.880000
11.610000
5.000000
5.270000
17.830000
11.400000
12.440000
11.300000
10.800000
19.460000
19.700000
20.510000
19.420000
19.370000
19.810000
19.820000
24.660000
6.780000
6.250000
18.540000
8.370000
8.230000
14.460000
14.290000
12.790000
13.730000
14.600000
22.930000
13.200000
13.840000
12.610000
13.240000
22.000000
11.690000
4.840000
5.720000
5.130000
4.090000
12.170000
12.350000
14.800000
14.480000
16.500000
14.020000
15.040000
15.330000
15.500000
15.210000
15.010000
17.900000
24.160000
20.180000
27.920000
27.890000
11.200000
11.900000
9.080000
4.550000
9.350000
22.720000
7.970000
6.380000
13.470000
21.710000
28.870000
29.960000
4.390000
13.940000
5.890000
7.250000
8.860000
9.820000
11.900000
8.440000
12.830000
9.860000
22.340000
11.580000
2.740000
7.190000
7.290000
6.760000
6.700000
17.700000
7.580000
8.370000
8.670000
8.920000
9.340000
13.240000
13.390000
13.530000
13.720000
17.820000
17.570000
51.370000
51.850000
27.870000
13.470000
46.160000
46.580000
11.460000
7.460000
7.650000
7.610000
12.310000
16.970000
11.200000
8.800000
10.700000
16.810000
16.900000
9.090000
30.870000
8.930000
17.090000
28.710000
28.370000
59.980000
21.630000
35.780000
7.660000
7.780000
9.050000
7.290000
7.460000
6.060000
7.190000
7.590000
9.290000
10.020000
8.930000
12.740000
9.850000
25.550000
28.330000
8.490000
17.380000
17.940000
17.050000
13.520000
14.270000
14.190000
14.740000
15.240000
16.370000
27.820000
8.690000
38.370000
8.070000
6.960000
7.090000
7.170000
17.680000
23.530000
12.980000
35.210000
6.150000
6.120000
6.860000
14.560000
16.420000
11.060000
12.160000
15.030000
26.740000
7.400000
7.170000
13.800000
3.570000
13.050000
5.090000
6.330000
8.160000
8.700000
10.910000
7.410000
11.920000
8.870000
9.660000
12.640000
10.940000
14.410000
16.100000
20.350000
24.300000
27.590000
8.250000
8.160000
7.170000
8.880000
8.270000
15.280000
22.470000
30.280000
30.730000
6.100000
7.390000
8.100000
7.470000
31.470000
12.990000
17.560000
30.500000
31.950000
31.940000
33.160000
31.550000
21.950000
9.230000
13.320000
16.350000
15.750000
12.680000
13.480000
8.740000
8.550000
17.490000
16.360000
5.560000
13.180000
15.130000
18.730000
19.350000
12.030000
12.680000
7.790000
11.860000
12.060000
11.580000
23.320000
7.720000
13.490000
13.150000
18.450000
6.850000
21.980000
12.590000
13.670000
12.600000
17.940000
16.520000
15.230000
15.930000
38.460000
38.280000
10.290000
8.350000
8.870000
8.870000
10.950000
11.550000
7.660000
12.610000
12.800000
12.320000
24.430000
9.020000
20.210000
28.310000
14.080000
9.520000
14.170000
14.270000
18.090000
22.870000
28.930000
9.190000
9.300000
16.140000
42.500000
41.320000
7.490000
8.110000
16.190000
9.960000
6.580000
7.000000
14.710000
12.880000
14.340000
25.660000
7.770000
20.720000
13.430000
13.250000
14.570000
19.710000
25.240000
6.770000
2.860000
11.730000
15.890000
15.890000
16.220000
2.980000
13.980000
20.210000
20.900000
21.060000
22.320000
13.830000
18.040000
21.070000
13.170000
16.580000
11.050000
10.760000
10.120000
33.250000
32.250000
9.330000
20.890000
18.260000
22.590000
23.190000
30.020000
19.950000
19.720000
6.350000
7.080000
6.030000
31.460000
7.220000
32.030000
39.530000
8.550000
13.060000
7.650000
7.830000
30.560000
43.560000
7.830000
7.910000
38.960000
39.670000
55.290000
16.830000
16.430000
21.010000
8.390000
34.560000
6.540000
7.190000
30.050000
5.790000
5.780000
6.500000
15.480000
14.480000
18.060000
7.510000
8.600000
20.870000
7.740000
8.560000
7.880000
15.680000
13.670000
12.440000
13.010000
7.800000
46.380000
7.060000
23.680000
31.550000
10.830000
10.570000
9.600000
33.620000
32.670000
7.790000
19.550000
19.770000
30.930000
7.400000
8.070000
9.010000
23.280000
18.760000
26.570000
26.630000
10.210000
10.870000
6.230000
34.120000
53.120000
51.690000
13.150000
6.100000
7.040000
11.220000
11.350000
9.640000
10.810000
38.850000
9.020000
22.670000
22.460000
16.810000
11.320000
11.220000
12.080000
30.970000
30.010000
6.080000
26.290000
25.980000
9.430000
7.440000
41.860000
3.980000
10.120000
3.390000
21.130000
9.510000
10.400000
9.580000
16.390000
14.640000
13.430000
14.020000
22.360000
8.240000
15.160000
14.790000
19.960000
8.780000
8.990000
8.780000
8.310000
14.660000
8.530000
8.470000
9.740000
8.270000
7.370000
19.990000
7.730000
20.580000
14.480000
22.640000
22.720000
7.800000
7.280000
4.270000
5.180000
4.390000
28.840000
28.610000
44.160000
44.010000
26.880000
19.290000
34.220000
7.290000
6.990000
13.930000
14.390000
16.900000
7.970000
23.030000
36.880000
35.550000
35.530000
39.060000
37.290000
13.830000
17.500000
23.010000
11.860000
9.540000
10.760000
14.290000
14.400000
15.590000
7.350000
38.350000
27.100000
24.410000
25.850000
26.530000
17.300000
19.670000
30.050000
12.320000
22.140000
21.850000
7.990000
8.500000
7.420000
6.320000
8.670000
17.310000
13.980000
23.870000
23.910000
36.640000
22.160000
30.300000
8.620000
9.030000
11.920000
21.080000
20.590000
16.620000
17.090000
17.910000
18.210000
18.640000
19.900000
30.990000
6.170000
13.690000
13.320000
9.010000
8.160000
10.340000
21.540000
27.730000
27.240000
25.310000
24.180000
7.750000
8.070000
11.820000
17.000000
11.350000
8.050000
9.800000
14.490000
14.660000
9.280000
40.420000
14.650000
23.460000
19.190000
11.160000
15.480000
7.720000
15.750000
16.070000
13.620000
18.050000
17.460000
16.440000
14.700000
16.370000
5.910000
30.280000
26.570000
32.280000
15.370000
15.950000
14.880000
11.430000
12.110000
11.970000
12.460000
12.990000
13.900000
13.980000
18.970000
32.140000
32.840000
32.740000
34.730000
33.040000
18.880000
16.380000
42.700000
7.410000
37.390000
10.250000
22.090000
47.420000
34.420000
21.350000
19.560000
9.130000
6.250000
7.490000
5.470000
18.370000
9.020000
23.810000
7.640000
30.080000
14.950000
24.110000
23.910000
9.430000
9.910000
8.660000
5.190000
7.630000
16.750000
8.390000
9.620000
10.340000
9.160000
15.600000
6.760000
8.910000
8.750000
10.240000
11.160000
18.050000
23.230000
31.760000
21.340000
20.610000
8.900000
9.040000
13.450000
25.800000
5.700000
8.930000
8.740000
16.040000
12.060000
12.710000
16.700000
20.310000
29.970000
16.420000
16.940000
11.060000
8.690000
2.770000
10.450000
10.190000
17.440000
17.180000
15.380000
8.920000
8.850000
17.820000
18.330000
10.120000
9.750000
11.780000
8.310000
8.270000
8.020000
5.990000
32.040000
31.720000
31.330000
32.380000
31.920000
32.050000
32.700000
49.390000
8.460000
7.370000
7.340000
8.810000
7.430000
13.720000
15.740000
9.250000
18.720000
16.280000
8.990000
9.320000
63.240000
5.140000
15.450000
6.950000
8.030000
8.060000
8.490000
12.790000
10.110000
8.820000
9.560000
15.600000
8.780000
19.420000
9.140000
9.350000
13.450000
32.090000
31.850000
9.390000
9.180000
15.950000
15.690000
14.090000
9.290000
12.900000
8.520000
19.260000
6.450000
10.310000
8.580000
12.030000
14.390000
18.630000
21.240000
24.260000
23.230000
15.600000
16.270000
11.180000
7.800000
8.960000
10.920000
10.930000
12.840000
30.400000
29.350000
29.480000
21.840000
21.380000
13.280000
5.610000
18.790000
17.420000
22.040000
25.520000
33.790000
4.840000
11.000000
40.240000
39.080000
31.710000
36.910000
5.450000
21.940000
30.030000
21.030000
20.730000
7.170000
7.650000
6.640000
5.670000
25.090000
14.650000
8.750000
52.100000
6.080000
7.750000
11.960000
11.370000
38.000000
11.640000
16.450000
22.320000
8.830000
18.380000
21.570000
21.310000
33.530000
33.440000
3.990000
3.400000
5.850000
5.290000
6.360000
16.170000
20.080000
20.050000
19.960000
21.810000
7.430000
5.600000
15.800000
8.860000
21.760000
19.390000
24.880000
27.380000
37.040000
29.640000
29.270000
38.310000
33.630000
43.440000
43.770000
42.910000
16.280000
16.200000
31.100000
30.920000
35.240000
6.950000
7.370000
9.610000
18.440000
18.960000
18.250000
14.410000
15.270000
15.350000
15.790000
16.280000
17.480000
5.250000
7.510000
4.640000
25.090000
24.820000
27.970000
19.700000
13.030000
16.110000
21.270000
21.400000
19.360000
9.930000
10.180000
9.530000
20.220000
9.000000
5.480000
4.170000
60.130000
58.620000
9.160000
7.720000
19.550000
21.290000
18.990000
8.420000
7.390000
14.460000
7.430000
11.040000
8.740000
10.110000
8.970000
22.780000
24.530000
19.800000
25.870000
39.690000
8.960000
10.450000
10.160000
8.980000
33.990000
33.100000
8.190000
16.040000
8.650000
16.010000
35.210000
53.570000
14.330000
9.310000
8.470000
9.640000
9.880000
8.330000
8.740000
18.140000
9.390000
11.040000
12.420000
13.340000
16.580000
16.870000
26.210000
7.570000
17.580000
17.310000
29.050000
8.930000
14.840000
47.840000
48.340000
8.100000
21.180000
4.500000
23.390000
29.700000
7.480000
8.160000
8.380000
7.910000
19.470000
16.420000
21.210000
21.240000
20.520000
14.560000
20.390000
20.150000
31.860000
31.790000
15.260000
6.790000
5.110000
11.950000
16.060000
16.630000
19.350000
18.290000
7.290000
18.200000
11.990000
24.550000
21.020000
27.490000
29.080000
6.800000
8.870000
8.320000
9.050000
11.810000
11.340000
8.980000
7.530000
5.660000
5.800000
4.640000
15.410000
13.170000
15.160000
10.870000
6.010000
9.410000
6.800000
5.580000
23.380000
23.540000
21.430000
21.300000
23.190000
9.000000
25.130000
5.230000
12.080000
44.330000
44.850000
5.400000
21.950000
29.930000
46.070000
45.920000
8.460000
8.810000
11.720000
17.300000
11.540000
6.380000
7.720000
9.860000
9.690000
9.090000
7.360000
6.080000
8.600000
30.070000
19.940000
27.690000
27.480000
11.970000
12.510000
11.250000
7.790000
8.220000
8.020000
8.520000
9.060000
10.160000
8.470000
16.930000
16.740000
11.170000
26.830000
26.780000
28.220000
41.620000
4.490000
11.760000
8.420000
4.520000
29.340000
10.180000
11.340000
17.420000
17.980000
9.590000
13.510000
12.460000
14.620000
13.570000
26.670000
7.570000
40.200000
3.530000
7.570000
27.470000
27.260000
3.200000
21.860000
26.860000
26.590000
22.570000
38.290000
9.450000
32.640000
32.670000
29.910000
31.790000
12.130000
10.990000
10.140000
14.400000
13.890000
12.930000
16.670000
44.150000
14.180000
5.500000
3.510000
15.120000
6.890000
8.310000
9.880000
10.810000
9.520000
13.910000
20.380000
21.170000
39.840000
24.410000
47.550000
19.650000
5.050000
5.040000
6.770000
13.220000
10.880000
12.180000
15.470000
15.830000
15.420000
13.790000
18.730000
11.600000
14.660000
19.920000
20.060000
8.520000
9.440000
8.340000
7.710000
11.520000
10.900000
12.120000
21.500000
37.110000
7.050000
6.930000
7.290000
5.240000
5.460000
16.880000
8.230000
9.780000
11.300000
12.290000
10.980000
15.300000
7.200000
38.190000
17.940000
7.350000
22.030000
11.620000
7.480000
8.520000
7.650000
7.010000
15.210000
15.430000
17.180000
16.480000
19.170000
16.310000
16.910000
17.190000
22.330000
11.630000
5.870000
5.990000
5.100000
5.170000
18.010000
6.370000
7.210000
7.450000
7.790000
8.090000
7.810000
12.110000
12.180000
12.330000
12.490000
7.720000
7.260000
48.890000
8.460000
3.950000
5.880000
8.690000
19.050000
7.400000
45.510000
23.650000
2.620000
4.540000
34.370000
22.390000
11.620000
5.510000
5.720000
9.480000
9.900000
9.770000
9.780000
17.550000
9.870000
10.440000
10.760000
11.030000
11.750000
15.380000
15.710000
15.890000
16.030000
23.850000
25.990000
33.350000
9.980000
9.060000
38.890000
38.090000
23.060000
22.850000
6.110000
12.880000
11.460000
9.280000
6.880000
19.170000
23.790000
27.490000
16.030000
4.340000
7.660000
21.930000
10.740000
22.080000
11.610000
3.510000
3.760000
19.030000
10.060000
11.220000
10.020000
9.590000
18.110000
18.300000
19.580000
18.480000
18.430000
18.830000
19.020000
30.360000
30.960000
47.950000
34.780000
7.440000
8.920000
8.750000
25.670000
31.340000
24.840000
25.130000
13.300000
18.560000
19.260000
19.240000
21.720000
13.150000
17.380000
20.550000
12.270000
9.920000
22.680000
15.240000
16.180000
15.030000
19.590000
18.280000
38.250000
43.110000
15.110000
9.010000
13.740000
25.830000
25.930000
23.650000
5.620000
10.730000
42.540000
43.190000
58.220000
8.770000
6.440000
5.920000
8.430000
8.030000
26.420000
8.950000
7.300000
9.560000
35.850000
23.710000
27.540000
39.030000
50.060000
8.710000
15.810000
15.620000
9.740000
25.240000
25.130000
5.770000
8.480000
19.810000
8.380000
9.610000
7.150000
4.420000
13.380000
5.910000
7.100000
8.710000
9.370000
11.390000
7.840000
12.350000
9.510000
6.460000
19.290000
19.870000
8.720000
9.980000
9.650000
8.360000
34.040000
33.250000
28.520000
27.830000
8.910000
21.590000
12.460000
17.110000
17.890000
9.870000
9.770000
18.600000
19.020000
8.820000
8.380000
6.840000
33.760000
33.160000
30.510000
29.900000
7.480000
69.320000
70.090000
7.420000
14.600000
11.990000
12.180000
16.370000
4.600000
8.190000
7.670000
15.900000
24.030000
15.610000
19.810000
22.830000
16.250000
18.230000
8.830000
5.210000
7.340000
8.270000
7.220000
5.060000
23.740000
23.920000
8.200000
7.390000
16.160000
10.690000
10.490000
8.690000
27.570000
16.150000
22.180000
11.750000
19.420000
2.420000
3.500000
4.050000
4.240000
4.460000
4.100000
4.600000
8.060000
8.330000
8.490000
8.680000
17.380000
9.690000
12.410000
11.720000
4.170000
3.840000
6.940000
13.250000
17.450000
17.410000
17.500000
16.050000
6.480000
9.870000
8.910000
16.880000
8.470000
9.530000
9.510000
30.500000
11.620000
12.240000
4.650000
5.880000
9.800000
9.840000
8.180000
16.030000
21.340000
26.700000
7.280000
15.730000
16.420000
28.110000
51.900000
22.380000
21.730000
4.840000
6.740000
13.600000
13.520000
17.810000
25.810000
17.580000
21.630000
18.740000
19.740000
46.120000
44.730000
14.080000
12.820000
8.260000
12.270000
11.630000
66.220000
4.540000
12.080000
12.890000
13.330000
46.810000
12.490000
15.510000
7.490000
19.690000
26.270000
13.160000
23.850000
23.800000
33.940000
23.820000
21.140000
25.750000
25.150000
24.260000
22.530000
23.680000
29.200000
32.750000
29.440000
40.790000
21.120000
8.690000
7.860000
29.020000
6.810000
8.010000
7.700000
5.960000
8.930000
20.050000
18.380000
17.920000
22.430000
22.120000
24.470000
15.410000
18.610000
21.100000
57.790000
56.320000
8.360000
8.100000
8.340000
7.290000
9.030000
20.770000
8.660000
8.320000
31.920000
7.960000
8.060000
16.810000
68.580000
8.950000
8.860000
56.100000
22.290000
11.700000
3.760000
10.690000
10.820000
13.620000
13.400000
14.770000
14.970000
12.990000
13.960000
14.330000
14.460000
15.270000
12.440000
63.770000
64.510000
8.770000
7.690000
22.100000
20.700000
4.780000
10.220000
7.920000
8.200000
5.850000
19.700000
20.260000
22.220000
12.630000
21.830000
4.150000
4.600000
4.520000
4.610000
10.870000
11.520000
10.560000
10.780000
14.910000
12.560000
14.810000
15.710000
35.710000
18.570000
8.710000
15.080000
5.820000
8.940000
9.340000
14.300000
14.340000
12.500000
23.910000
6.290000
6.940000
6.310000
14.770000
27.320000
11.760000
23.730000
24.240000
8.380000
7.700000
15.850000
53.850000
17.090000
32.440000
7.840000
17.330000
14.920000
18.730000
8.640000
15.250000
14.830000
25.880000
10.020000
16.550000
8.500000
15.360000
43.720000
25.770000
10.840000
6.510000
30.570000
30.160000
23.910000
23.780000
10.680000
20.110000
7.430000
7.780000
8.840000
12.810000
7.050000
8.700000
13.840000
42.090000
16.370000
26.170000
26.180000
5.350000
7.290000
21.890000
22.630000
41.110000
26.090000
29.860000
19.210000
19.010000
14.060000
30.030000
30.110000
25.560000
25.560000
9.670000
17.360000
13.360000
14.040000
13.430000
14.190000
16.040000
18.610000
35.030000
14.200000
14.380000
13.890000
26.890000
30.100000
16.110000
24.970000
24.780000
10.030000
10.540000
9.190000
5.830000
6.290000
6.890000
8.220000
29.580000
15.850000
7.560000
11.840000
11.310000
9.070000
6.330000
7.630000
17.730000
25.900000
21.540000
22.220000
21.090000
10.600000
18.660000
14.660000
15.380000
16.180000
49.540000
50.040000
27.030000
26.440000
27.960000
28.930000
31.680000
31.690000
21.470000
15.930000
24.060000
24.040000
8.190000
8.830000
22.490000
22.250000
11.720000
3.590000
18.800000
3.990000
4.940000
5.340000
5.510000
5.880000
5.540000
5.630000
9.710000
9.860000
9.990000
10.230000
13.270000
10.980000
19.610000
7.200000
30.570000
33.670000
16.380000
16.960000
15.870000
12.540000
13.170000
13.100000
13.590000
14.100000
15.100000
9.010000
10.350000
14.330000
13.830000
16.160000
15.120000
27.430000
8.070000
16.790000
16.750000
18.240000
15.000000
7.380000
7.570000
15.020000
8.780000
9.940000
9.050000
8.390000
12.530000
11.960000
17.490000
8.420000
7.670000
9.010000
9.250000
22.320000
11.720000
4.710000
4.820000
18.360000
5.230000
6.210000
6.450000
6.710000
7.160000
6.770000
6.730000
10.940000
11.060000
11.210000
11.440000
6.570000
14.410000
20.710000
11.070000
13.420000
14.140000
8.000000
6.030000
33.050000
32.760000
31.370000
30.830000
12.040000
14.610000
15.370000
30.630000
9.890000
18.220000
4.020000
11.420000
35.670000
9.840000
10.320000
60.790000
4.750000
13.760000
24.120000
18.390000
19.130000
17.990000
7.600000
7.730000
20.400000
26.360000
7.850000
6.440000
6.370000
11.710000
11.530000
10.280000
8.590000
56.730000
23.630000
8.050000
28.720000
8.740000
21.510000
21.800000
8.600000
9.340000
6.300000
20.830000
12.330000
40.470000
6.660000
24.880000
20.810000
8.750000
53.140000
51.660000
11.500000
11.060000
22.980000
11.660000
11.100000
7.340000
9.050000
7.780000
8.300000
8.600000
6.790000
7.110000
17.610000
8.930000
10.440000
11.960000
12.820000
11.510000
15.960000
55.280000
23.540000
24.250000
42.380000
27.770000
10.710000
12.480000
19.450000
23.200000
32.030000
7.090000
28.110000
7.680000
9.170000
53.840000
5.490000
15.720000
25.020000
19.960000
20.600000
19.530000
6.540000
8.510000
8.190000
17.350000
17.350000
19.140000
26.980000
19.000000
23.040000
20.350000
20.890000
12.820000
21.000000
27.240000
5.680000
23.390000
23.390000
22.500000
8.960000
6.950000
14.860000
7.400000
7.300000
13.090000
12.880000
11.490000
14.520000
3.910000
7.290000
9.240000
9.420000
18.890000
18.910000
19.680000
27.600000
19.500000
21.070000
9.290000
37.250000
7.730000
7.940000
11.980000
30.900000
30.660000
20.910000
15.010000
25.970000
26.130000
23.580000
9.180000
7.930000
12.000000
11.650000
11.450000
5.250000
21.560000
11.150000
12.220000
11.220000
17.120000
15.640000
14.430000
15.020000
7.280000
8.170000
52.740000
14.560000
11.230000
12.300000
33.350000
14.720000
9.240000
7.420000
14.070000
5.540000
5.050000
17.390000
9.460000
20.120000
23.470000
5.850000
12.000000
12.240000
14.700000
13.330000
6.770000
7.510000
6.240000
6.180000
11.580000
6.960000
8.350000
7.740000
10.830000
13.850000
20.920000
22.940000
32.060000
8.940000
8.980000
7.660000
64.460000
20.980000
26.440000
24.050000
35.570000
10.320000
25.190000
25.340000
23.860000
30.340000
8.490000
43.590000
15.810000
15.840000
7.690000
18.820000
18.660000
15.870000
7.680000
7.590000
16.620000
9.640000
6.640000
9.990000
8.260000
8.960000
10.500000
12.260000
21.530000
20.390000
18.020000
8.430000
14.050000
9.260000
11.980000
23.720000
28.890000
28.310000
27.110000
25.940000
7.750000
6.910000
8.790000
42.260000
42.100000
8.990000
27.930000
20.180000
19.720000
23.790000
8.740000
7.130000
22.380000
22.360000
21.590000
7.630000
18.180000
18.780000
8.820000
13.180000
11.520000
13.560000
17.720000
17.940000
17.120000
14.690000
14.840000
16.760000
14.350000
7.080000
7.540000
13.400000
7.960000
16.450000
35.260000
5.540000
5.450000
10.360000
10.210000
9.060000
7.550000
8.710000
15.030000
15.220000
14.690000
50.600000
18.290000
15.790000
20.240000
19.710000
18.830000
17.010000
18.480000
8.390000
37.950000
4.320000
3.550000
27.740000
27.510000
29.420000
17.420000
13.300000
7.260000
17.590000
27.320000
27.300000
27.790000
27.480000
9.390000
12.670000
12.230000
24.110000
23.870000
5.020000
25.290000
7.480000
14.990000
32.360000
6.530000
23.300000
32.700000
13.300000
34.540000
13.330000
33.730000
33.560000
14.460000
15.310000
8.400000
9.310000
15.300000
15.040000
38.410000
30.930000
35.880000
4.720000
8.720000
8.810000
20.870000
11.600000
17.090000
17.460000
6.970000
17.270000
18.700000
17.970000
25.300000
8.280000
10.680000
19.570000
9.090000
30.200000
25.090000
31.220000
14.550000
15.100000
14.040000
10.540000
11.290000
10.990000
11.530000
12.130000
13.030000
11.420000
25.150000
24.700000
18.950000
27.530000
17.250000
32.240000
43.800000
8.990000
11.830000
11.070000
21.850000
56.540000
57.250000
27.490000
31.080000
28.040000
39.900000
8.820000
14.240000
5.250000
11.290000
10.140000
13.290000
25.350000
29.690000
29.170000
28.530000
27.260000
11.310000
3.280000
4.690000
8.330000
8.320000
6.700000
8.350000
38.380000
8.110000
10.340000
9.870000
21.870000
25.160000
8.600000
35.130000
24.010000
23.650000
25.470000
26.130000
30.340000
30.450000
26.900000
27.530000
45.110000
31.280000
4.770000
4.160000
6.630000
6.010000
5.220000
17.800000
21.870000
21.670000
21.250000
6.550000
5.940000
5.490000
21.240000
5.540000
30.060000
13.640000
23.120000
22.880000
8.700000
9.220000
8.080000
7.020000
9.940000
12.760000
12.250000
14.810000
16.680000
19.890000
19.240000
44.630000
7.780000
21.350000
21.380000
8.040000
7.570000
17.320000
10.430000
8.490000
7.440000
4.530000
9.680000
33.150000
11.780000
11.170000
6.560000
20.860000
18.250000
22.710000
22.200000
21.350000
19.620000
20.830000
12.910000
11.570000
7.350000
9.250000
4.900000
4.240000
62.020000
8.900000
25.190000
25.050000
26.340000
13.110000
18.070000
23.770000
33.240000
37.880000
12.320000
9.440000
8.020000
8.730000
20.360000
7.350000
9.370000
5.070000
4.720000
6.610000
14.750000
18.860000
18.820000
18.690000
13.930000
64.960000
63.300000
31.870000
41.700000
42.390000
41.340000
14.950000
15.120000
32.650000
30.930000
35.350000
10.930000
19.480000
27.410000
21.430000
36.880000
31.300000
13.000000
15.920000
16.670000
4.050000
4.940000
5.260000
7.580000
7.630000
19.930000
27.370000
27.500000
8.660000
8.380000
9.080000
21.010000
4.750000
5.710000
6.080000
8.100000
8.360000
7.450000
8.350000
21.390000
27.750000
27.840000
8.580000
18.240000
14.400000
15.050000
19.400000
23.870000
24.430000
14.640000
19.560000
19.900000
8.560000
8.360000
13.620000
22.900000
8.540000
7.810000
38.140000
22.190000
11.590000
8.690000
9.780000
8.750000
8.350000
16.610000
16.780000
18.350000
17.430000
17.340000
17.750000
18.040000
29.260000
4.730000
14.560000
7.250000
20.300000
18.440000
23.400000
26.480000
35.420000
40.820000
19.870000
2.960000
3.280000
13.580000
11.110000
9.800000
10.530000
7.390000
8.230000
34.870000
48.480000
10.750000
15.760000
15.390000
19.320000
23.720000
30.540000
9.310000
50.820000
49.380000
12.570000
11.810000
41.400000
8.470000
34.540000
22.570000
22.210000
24.040000
24.620000
29.520000
29.630000
20.360000
20.600000
14.140000
12.670000
8.670000
7.740000
7.780000
17.790000
10.170000
13.250000
18.610000
18.680000
16.810000
8.830000
5.100000
9.600000
9.540000
10.580000
4.840000
8.870000
7.890000
4.900000
41.170000
7.870000
18.030000
10.020000
17.350000
9.350000
17.550000
7.380000
7.490000
7.350000
18.290000
24.920000
14.330000
8.950000
7.490000
43.710000
42.450000
8.880000
14.690000
23.330000
15.730000
26.920000
15.790000
25.390000
25.340000
20.900000
21.670000
22.060000
21.850000
30.930000
11.220000
14.470000
9.120000
16.670000
8.100000
7.350000
11.490000
10.900000
28.900000
9.730000
8.950000
18.950000
24.700000
7.240000
8.580000
11.660000
15.730000
16.170000
15.530000
16.370000
20.490000
11.960000
15.220000
15.900000
19.150000
10.540000
7.330000
15.300000
30.160000
18.440000
26.640000
26.460000
11.270000
11.740000
10.450000
6.880000
7.360000
7.100000
7.640000
8.260000
9.410000
35.870000
18.220000
15.190000
25.010000
24.990000
5.340000
24.530000
42.440000
9.220000
4.430000
13.420000
9.480000
9.110000
7.600000
34.090000
33.300000
29.440000
28.820000
28.830000
26.150000
27.570000
13.250000
11.910000
12.800000
8.990000
14.640000
12.250000
16.620000
16.030000
15.070000
13.520000
15.000000
26.690000
33.890000
6.930000
8.060000
11.470000
9.760000
13.220000
15.250000
19.500000
22.770000
25.930000
24.840000
12.730000
22.750000
22.770000
22.750000
22.480000
35.050000
35.050000
67.540000
68.200000
7.750000
12.430000
14.330000
12.100000
8.250000
13.370000
25.090000
6.190000
5.920000
18.250000
7.550000
28.180000
18.510000
18.070000
22.500000
8.030000
5.550000
8.480000
8.480000
31.140000
10.300000
21.120000
11.630000
8.710000
9.130000
14.600000
14.180000
15.140000
14.060000
13.760000
25.090000
21.410000
21.090000
21.350000
20.860000
11.630000
11.490000
11.800000
12.390000
16.000000
17.010000
16.070000
15.480000
25.280000
24.790000
21.710000
51.170000
6.570000
24.180000
67.430000
23.970000
6.800000
6.820000
13.760000
15.570000
16.910000
8.710000
11.820000
11.630000
17.220000
17.250000
9.430000
9.710000
9.020000
19.160000
13.600000
13.390000
6.890000
22.070000
21.830000
69.730000
7.970000
8.350000
11.570000
17.010000
11.340000
7.140000
8.730000
12.340000
12.330000
9.250000
15.660000
9.890000
7.670000
19.300000
23.710000
21.870000
33.330000
19.360000
19.740000
9.230000
8.310000
7.110000
38.120000
12.530000
17.090000
17.700000
17.380000
18.250000
21.130000
12.530000
16.590000
19.870000
11.410000
8.360000
15.930000
16.130000
15.440000
14.310000
16.240000
8.320000
8.690000
33.560000
8.430000
40.690000
50.060000
12.450000
15.520000
14.880000
11.730000
19.500000
15.700000
23.800000
15.820000
22.560000
22.280000
23.720000
24.330000
24.560000
24.600000
30.940000
7.510000
7.350000
9.150000
19.900000
26.860000
26.400000
23.980000
22.730000
18.880000
18.570000
30.470000
17.290000
13.500000
25.470000
39.350000
8.970000
10.200000
10.480000
14.900000
20.350000
33.780000
33.750000
33.690000
36.340000
34.550000
13.550000
12.450000
23.310000
58.370000
58.970000
11.440000
10.950000
9.120000
24.770000
24.900000
23.750000
12.140000
32.370000
29.780000
31.270000
10.090000
13.830000
13.460000
25.260000
10.130000
12.790000
13.040000
12.040000
12.590000
19.360000
10.750000
12.370000
13.800000
14.640000
17.930000
8.140000
8.720000
7.000000
7.170000
7.650000
12.810000
16.720000
10.840000
9.390000
11.490000
18.810000
19.160000
56.780000
13.100000
17.940000
22.160000
33.340000
21.100000
21.780000
27.770000
27.930000
8.630000
70.880000
8.010000
8.990000
31.130000
11.230000
20.760000
21.040000
12.960000
28.870000
16.350000
7.500000
20.470000
5.960000
6.650000
6.180000
14.940000
12.670000
11.400000
12.070000
10.990000
12.900000
10.720000
10.130000
8.310000
18.010000
23.460000
31.070000
30.340000
32.500000
31.910000
62.570000
60.910000
3.900000
7.840000
23.670000
17.960000
7.270000
15.440000
36.140000
13.610000
38.220000
38.320000
18.140000
19.880000
17.620000
6.350000
7.250000
21.540000
11.620000
6.610000
6.850000
16.360000
12.650000
13.790000
12.540000
12.160000
20.960000
21.240000
20.460000
20.230000
20.820000
20.590000
15.380000
7.660000
24.370000
45.500000
11.940000
13.070000
24.590000
10.260000
27.150000
34.780000
17.450000
18.320000
37.630000
21.360000
6.610000
17.310000
17.450000
21.810000
19.210000
19.630000
4.640000
37.830000
26.710000
11.530000
15.880000
16.630000
10.290000
20.550000
20.600000
22.620000
23.150000
16.810000
16.340000
14.590000
16.630000
16.110000
27.670000
7.590000
28.990000
25.240000
37.890000
19.880000
26.600000
48.220000
8.960000
7.810000
8.390000
19.380000
5.420000
16.250000
26.180000
26.370000
23.620000
19.980000
12.740000
18.410000
35.880000
8.660000
25.410000
33.160000
33.580000
33.880000
5.560000
32.850000
22.700000
21.890000
28.010000
22.250000
13.280000
11.090000
15.390000
14.840000
13.780000
13.860000
23.550000
8.220000
22.220000
13.730000
14.710000
13.740000
18.640000
17.320000
15.970000
16.650000
12.010000
16.150000
28.740000
31.110000
31.070000
31.600000
30.130000
17.020000
26.230000
61.960000
62.660000
8.980000
8.680000
9.560000
9.280000
5.690000
4.980000
7.190000
6.520000
19.290000
23.480000
23.290000
22.800000
8.730000
8.180000
6.120000
12.450000
7.410000
13.870000
15.750000
13.480000
35.180000
32.900000
20.030000
18.340000
6.710000
4.840000
16.650000
10.890000
14.300000
14.640000
13.780000
14.510000
19.920000
11.340000
14.430000
15.270000
18.550000
51.900000
12.120000
11.490000
8.950000
7.990000
11.440000
10.920000
25.550000
15.520000
6.460000
5.770000
15.210000
23.770000
24.250000
23.500000
15.010000
19.230000
22.240000
15.280000
17.670000
49.680000
48.220000
5.370000
14.080000
59.570000
26.630000
26.890000
21.550000
21.230000
32.360000
19.080000
26.260000
26.560000
8.690000
9.540000
11.500000
9.370000
5.940000
6.010000
20.850000
11.610000
14.100000
14.460000
9.980000
17.420000
18.500000
17.900000
17.130000
25.320000
25.020000
27.330000
27.340000
12.580000
14.720000
49.560000
10.390000
18.770000
42.110000
31.790000
8.540000
8.940000
10.410000
17.420000
15.750000
22.160000
15.920000
21.310000
20.990000
25.160000
25.710000
25.880000
25.850000
30.940000
16.720000
18.510000
16.240000
17.100000
38.050000
22.870000
18.480000
26.700000
31.460000
10.520000
9.330000
13.140000
13.000000
12.950000
9.730000
10.170000
13.230000
17.800000
18.410000
19.410000
19.700000
20.030000
4.740000
3.860000
14.610000
21.930000
22.600000
22.910000
14.380000
18.640000
21.650000
14.270000
17.140000
18.080000
15.010000
15.510000
8.220000
7.580000
11.500000
10.870000
8.650000
7.640000
20.000000
19.410000
33.000000
30.130000
17.280000
25.820000
25.650000
10.640000
11.200000
9.830000
6.130000
6.800000
6.440000
6.990000
7.600000
8.830000
33.980000
21.120000
20.860000
22.510000
23.170000
28.670000
28.820000
25.790000
30.220000
41.890000
6.110000
10.540000
10.550000
11.520000
16.550000
36.380000
26.510000
7.570000
8.970000
9.610000
10.560000
32.250000
12.950000
35.410000
3.810000
14.010000
5.420000
6.540000
6.610000
21.070000
5.160000
32.380000
32.080000
32.010000
31.560000
57.770000
9.130000
5.260000
13.880000
6.800000
7.670000
9.310000
9.960000
11.700000
8.690000
12.840000
9.910000
22.480000
25.960000
37.490000
8.580000
21.950000
8.450000
23.810000
7.570000
5.480000
8.620000
10.860000
11.320000
22.980000
7.510000
15.970000
20.900000
29.580000
9.020000
5.970000
8.910000
8.420000
19.010000
4.490000
14.690000
14.870000
19.180000
7.440000
33.660000
5.240000
5.610000
26.620000
24.210000
11.880000
23.320000
16.810000
17.670000
16.590000
41.910000
7.890000
14.300000
14.930000
14.690000
14.500000
8.320000
23.660000
23.480000
30.000000
18.290000
18.190000
8.500000
7.880000
11.630000
11.000000
13.660000
16.560000
4.270000
16.040000
8.560000
33.370000
16.730000
37.070000
20.540000
25.300000
25.900000
19.300000
22.550000
21.860000
7.670000
32.450000
25.200000
25.870000
43.710000
29.510000
6.630000
11.300000
21.850000
26.310000
13.390000
13.590000
13.080000
25.610000
21.140000
26.440000
32.920000
45.570000
7.650000
9.200000
25.060000
18.220000
8.750000
23.500000
23.040000
46.880000
20.820000
7.050000
8.430000
26.750000
47.320000
45.890000
7.500000
9.610000
10.180000
46.200000
11.650000
11.490000
22.510000
11.730000
9.000000
9.160000
12.230000
12.060000
13.100000
13.200000
17.290000
11.930000
12.810000
13.150000
13.290000
14.220000
17.910000
18.390000
54.970000
7.990000
7.450000
19.680000
35.650000
25.520000
25.220000
26.700000
27.560000
31.060000
31.070000
33.790000
34.460000
50.850000
11.820000
11.220000
8.150000
7.670000
18.930000
19.380000
28.660000
8.250000
14.370000
19.620000
19.930000
26.220000
7.610000
8.950000
9.240000
8.560000
18.160000
10.930000
19.630000
20.170000
19.840000
31.840000
7.700000
28.630000
29.250000
46.510000
33.040000
10.220000
19.360000
9.170000
8.660000
20.830000
6.620000
6.690000
6.960000
17.140000
22.280000
11.800000
8.610000
9.620000
37.270000
7.730000
8.870000
52.720000
63.750000
62.110000
22.010000
11.660000
6.160000
7.140000
6.340000
5.590000
13.700000
14.020000
16.000000
15.500000
17.830000
15.160000
16.000000
16.330000
16.510000
11.200000
11.440000
10.850000
22.290000
22.550000
8.140000
11.830000
9.930000
11.640000
10.480000
23.440000
25.290000
22.360000
11.570000
4.150000
4.240000
8.270000
8.560000
8.210000
8.180000
17.610000
8.750000
9.330000
9.720000
9.930000
10.510000
14.220000
14.510000
14.610000
14.820000
54.270000
52.850000
7.530000
7.420000
7.660000
22.910000
8.360000
28.840000
26.800000
26.360000
8.510000
8.770000
8.180000
17.290000
65.630000
66.400000
31.760000
32.500000
13.470000
30.620000
38.010000
16.990000
16.770000
7.360000
18.370000
21.600000
20.990000
8.590000
7.530000
7.060000
5.900000
29.910000
23.780000
36.780000
8.730000
16.380000
20.300000
20.900000
8.350000
17.490000
38.160000
8.280000
20.420000
20.290000
17.380000
23.860000
7.320000
15.250000
24.770000
60.110000
60.760000
8.700000
24.230000
14.080000
4.380000
7.510000
8.190000
12.840000
12.870000
11.070000
39.880000
30.560000
27.940000
29.380000
17.990000
6.340000
5.480000
7.640000
20.730000
24.800000
24.630000
23.960000
7.850000
40.330000
8.800000
44.370000
8.820000
11.070000
21.510000
22.060000
7.670000
17.360000
32.690000
19.970000
19.580000
8.480000
8.350000
12.720000
12.810000
13.420000
8.560000
18.170000
10.920000
11.660000
23.460000
27.690000
40.710000
38.330000
34.520000
3.290000
7.940000
6.270000
12.660000
16.870000
18.080000
20.990000
19.930000
17.120000
14.670000
19.100000
18.580000
17.630000
15.860000
17.380000
4.190000
4.270000
25.840000
22.870000
30.360000
30.280000
7.200000
5.530000
16.040000
16.160000
20.550000
19.730000
28.850000
15.640000
31.300000
15.630000
30.310000
30.140000
16.840000
17.700000
5.970000
18.060000
17.740000
30.930000
36.120000
23.680000
23.890000
7.280000
14.330000
13.610000
10.230000
8.010000
19.400000
25.520000
6.290000
7.560000
7.980000
9.660000
10.390000
11.560000
9.270000
13.160000
10.280000
9.320000
40.790000
41.410000
56.760000
56.610000
55.170000
6.140000
33.220000
10.900000
31.900000
22.620000
21.830000
5.350000
11.670000
9.770000
8.720000
6.230000
19.180000
22.170000
57.270000
8.550000
20.140000
20.220000
19.480000
8.420000
23.370000
13.740000
15.490000
26.670000
8.660000
8.440000
15.070000
5.410000
6.470000
6.810000
8.680000
9.150000
8.180000
9.060000
23.180000
28.040000
28.250000
25.070000
10.830000
22.760000
22.620000
31.810000
8.880000
7.530000
7.070000
6.040000
7.400000
7.990000
9.710000
10.330000
11.770000
9.240000
13.190000
10.320000
8.850000
8.580000
7.900000
11.770000
11.240000
28.080000
7.520000
14.920000
20.120000
25.050000
22.950000
34.440000
25.150000
10.760000
13.680000
13.150000
21.160000
21.420000
4.340000
3.700000
18.550000
20.700000
12.700000
12.580000
7.190000
11.560000
11.700000
12.460000
24.690000
7.350000
5.640000
5.810000
4.420000
10.990000
19.760000
27.150000
21.760000
9.140000
7.770000
6.750000
10.300000
7.560000
8.640000
7.500000
22.180000
22.070000
23.930000
21.050000
22.430000
11.730000
7.080000
7.330000
10.720000
10.870000
11.260000
11.370000
17.460000
10.840000
11.540000
11.840000
12.120000
12.920000
16.570000
16.900000
17.130000
17.220000
7.220000
7.760000
35.690000
22.120000
4.920000
5.130000
9.040000
28.630000
28.390000
2.470000
12.680000
5.120000
5.160000
19.810000
6.480000
17.020000
10.440000
23.240000
20.160000
26.150000
28.200000
19.770000
20.140000
20.960000
22.690000
20.360000
13.620000
14.570000
34.870000
17.240000
9.930000
8.730000
29.060000
9.160000
19.530000
19.520000
39.890000
6.010000
26.940000
7.720000
8.480000
9.120000
28.940000
9.120000
7.100000
7.410000
22.270000
19.700000
24.210000
23.640000
22.810000
20.930000
22.250000
6.710000
27.880000
6.170000
6.860000
18.050000
17.870000
12.610000
28.400000
28.420000
8.580000
8.380000
18.960000
53.080000
53.620000
10.800000
72.040000
8.510000
16.640000
20.120000
4.490000
5.050000
4.750000
14.250000
11.890000
10.610000
11.310000
17.510000
20.750000
20.090000
8.150000
10.100000
8.010000
7.430000
14.180000
17.190000
16.640000
30.880000
5.880000
5.840000
6.620000
15.790000
18.970000
8.530000
25.800000
17.260000
15.310000
17.130000
14.860000
7.680000
7.790000
15.320000
5.100000
11.450000
26.610000
36.250000
37.650000
36.830000
36.650000
12.060000
12.810000
10.880000
11.600000
37.060000
30.930000
35.670000
8.400000
7.480000
22.420000
13.710000
25.370000
22.780000
27.320000
26.730000
25.830000
24.120000
25.100000
71.200000
72.080000
4.990000
12.550000
5.430000
7.490000
18.550000
18.740000
23.560000
5.640000
11.190000
15.150000
15.320000
17.760000
16.680000
7.670000
20.220000
10.040000
12.250000
12.860000
22.120000
31.670000
56.400000
8.490000
12.010000
17.250000
16.420000
20.650000
24.610000
32.150000
11.400000
9.410000
13.780000
13.940000
14.350000
3.520000
12.560000
54.460000
9.020000
12.070000
12.410000
15.850000
21.700000
35.390000
34.660000
34.620000
37.720000
35.960000
7.550000
8.070000
4.270000
6.870000
6.890000
18.690000
26.910000
27.140000
24.330000
7.170000
6.920000
12.580000
7.140000
8.300000
12.620000
14.780000
13.180000
16.890000
17.690000
22.030000
27.370000
5.870000
30.700000
32.660000
5.740000
10.510000
3.200000
7.230000
5.750000
5.770000
6.450000
15.190000
16.430000
13.670000
17.060000
6.460000
7.990000
8.720000
21.940000
8.340000
17.650000
21.040000
19.720000
31.220000
8.780000
7.990000
18.500000
18.490000
18.700000
18.530000
4.560000
7.990000
3.770000
10.210000
10.640000
20.460000
20.530000
20.270000
28.110000
20.160000
21.820000
12.590000
21.420000
21.140000
33.180000
4.510000
19.460000
19.840000
6.750000
8.690000
7.870000
4.640000
4.520000
9.000000
8.890000
7.530000
31.090000
7.880000
25.230000
50.230000
44.540000
21.480000
36.000000
62.200000
7.430000
8.560000
8.110000
29.380000
8.460000
17.080000
17.070000
3.130000
2.920000
25.000000
21.520000
29.140000
29.070000
12.170000
12.930000
10.190000
4.070000
6.000000
11.840000
11.580000
17.170000
25.190000
16.940000
21.010000
17.910000
19.260000
8.570000
53.340000
13.550000
16.170000
25.440000
51.070000
29.900000
8.850000
3.190000
23.920000
23.660000
36.560000
36.660000
14.110000
7.560000
8.270000
7.640000
9.430000
7.540000
73.030000
73.930000
3.080000
7.390000
9.710000
11.430000
25.470000
25.550000
23.850000
12.250000
10.360000
6.820000
6.840000
5.220000
15.020000
18.020000
17.520000
19.070000
7.590000
3.450000
13.330000
13.550000
17.800000
9.030000
24.370000
28.410000
39.980000
10.080000
16.660000
5.440000
8.780000
5.410000
4.250000
11.200000
22.050000
22.260000
20.900000
20.830000
22.590000
9.680000
20.390000
54.830000
55.440000
8.690000
8.420000
8.970000
18.790000
11.500000
21.650000
21.640000
61.350000
59.770000
6.360000
8.810000
8.630000
9.640000
9.850000
16.760000
22.930000
31.380000
31.340000
5.660000
7.500000
8.430000
10.000000
13.480000
18.330000
19.150000
7.150000
33.450000
5.080000
5.950000
5.220000
29.930000
29.720000
14.060000
15.660000
9.020000
8.400000
10.560000
10.810000
10.180000
21.260000
6.200000
6.170000
6.740000
16.360000
20.340000
9.930000
8.960000
16.920000
17.460000
7.630000
31.990000
16.020000
7.260000
10.370000
10.490000
15.750000
15.790000
13.920000
57.220000
26.310000
7.290000
55.440000
54.010000
7.920000
42.770000
8.190000
11.810000
11.450000
9.280000
8.570000
8.330000
8.760000
8.140000
19.750000
28.670000
15.700000
18.160000
17.420000
28.900000
8.880000
9.810000
19.080000
8.870000
12.630000
11.120000
13.120000
12.040000
26.000000
15.310000
5.650000
7.570000
6.780000
15.460000
15.430000
18.490000
26.370000
18.300000
22.270000
19.550000
20.300000
7.650000
7.140000
8.780000
29.000000
20.750000
8.960000
23.100000
26.750000
38.260000
11.640000
12.280000
12.470000
25.660000
25.770000
23.770000
10.710000
19.230000
9.180000
